31101
31236
31257
31614
31239
31041
31613
31400
31111
31203
31030
31042
31107
31604
31251
31214
31047
31600
31605
31258
31611
31201
31202
31105
31603
31506
31302
31109
31116
31241
31229
31254
31103
31102
31104
31602
31106
31608
31228
31029
31223
31619
31247
31007
31200
31020
31235
31218
31110
31238
31503
31245
31617
31022
31003
31303
31018
31624
31026
31207
31606
31232
31607
31108
31023
31017
31224
31233
31623
31037
31610
31508
31013
31401
31625
31234
31621
31616
31256
31620
31227
31021
31230
31231
31115
31226
31307
31304
31113
31209
31618
31501
31628
31100
31221
31031
31612
31402
31242
31507
31025
31248
31039
31246
31300
31006
31255
31014
31249
31004
31033
31615
31626
31505
31622
31040
31208
31306
31244
31237
31001
31252
31219
31216
31305
31404
31011
31028
31222
31213
31217
31240
31035
31024
31212
31500
31215
31050
31504
31225
31112
31015
31211
31609
31243
31019
31220
31010
31051
31038
31002
31052
31036
31049
31204
31707
31701
31253
31008
31705
31005
31301
31205
31804
31601
31045
31803
31250
31032
31043
31048
31802
31027
31046
31009
31206
31044
31801
31502
31016
31000
31012
31806
31034
31708
31706
31703
31702
31805
31700
31261
31260
31259
31262
31309
31308
31627
31263
31054
31053
31055
